000000 000000 000000 000000 000000 000000
001000 001000 001000 000000 001000 000000
010100 010100 000000 000000 000000 000000
010100 101010 010100 101010 010100 000000
011110 101000 011100 001010 111100 000000
110010 000100 001000 010000 100110 000000
010000 101000 011010 100100 011010 000000
001000 001000 000000 000000 000000 000000
000100 001000 001000 001000 000100 000000
010000 001000 001000 001000 010000 000000
001000 010100 001000 000000 000000 000000
000000 001000 011100 001000 000000 000000
000000 000000 000000 001000 010000 000000
000000 000000 011100 000000 000000 000000
000000 000000 000000 000000 001000 000000
000010 000100 001000 010000 100000 000000

011100 100010 101010 100010 011100 000000
001000 011000 001000 001000 011100 000000
011100 100010 001100 010000 111110 000000
111100 000010 001100 000010 111100 000000
101000 101000 111100 001000 001000 000000
111110 100000 111100 000010 111100 000000
011110 100000 111100 100010 011100 000000
111110 000100 001000 001000 001000 000000
011100 100010 011100 100010 011100 000000
011100 100010 011100 000010 111100 000000

001000 000000 000000 000000 001000 000000
001000 000000 000000 001000 010000 000000
000100 001000 010000 001000 000100 000000
000000 011100 000000 011100 000000 000000
010000 001000 000100 001000 010000 000000
011100 100010 001100 000000 001000 000000
011100 100010 101110 101010 101100 000000

111110 100010 111110 100010 100010 000000
111100 100100 111110 100010 111110 000000
111110 100000 100000 100000 111110 000000
111100 100110 100010 100110 111100 000000
111110 100000 111000 100000 111110 000000
111110 100000 111000 100000 100000 000000
111110 100000 101110 100010 111110 000000
100010 100010 111110 100010 100010 000000
111110 001000 001000 001000 111110 000000
011110 000100 000100 100100 111100 000000
100010 100110 111100 100110 100010 000000
100000 100000 100000 100000 111110 000000
100010 110110 111110 101010 100010 000000
100010 110010 111010 101110 100110 000000
111110 100010 100010 100010 111110 000000
111110 100010 111110 100000 100000 000000
111100 100100 100100 100100 111110 000000
111100 100100 111110 100010 100010 000000
111110 100000 111110 000010 111110 000000
111110 001000 001000 001000 001000 000000
100010 100010 100010 100010 111110 000000
100010 100010 100010 110110 011100 000000
100010 100010 101010 101010 111110 000000
100110 111100 011000 111100 100110 000000
100010 110110 011100 001000 001000 000000
111110 000110 001100 011000 111110 000000

001100 001000 001000 001000 001100 000000
100000 010000 001000 000100 000010 000000
011000 001000 001000 001000 011000 000000
001000 010100 000000 000000 000000 000000
000000 000000 000000 000000 111110 000000
010000 001000 000000 000000 000000 000000

011000 000100 011100 010100 001100 000000
010000 010000 011100 010100 001000 000000
000000 000000 001100 010000 001100 000000
000100 000100 011100 010100 001100 000000
001000 010100 011100 010000 001100 000000
000100 001000 001100 001000 001000 000000
001010 010100 001100 000100 011000 000000
010000 010000 011000 010100 010100 000000
001000 000000 011000 001000 011100 000000
001000 000000 001000 001000 010000 000000
000000 010100 011000 010100 010100 000000
001000 001000 001000 001000 000100 000000
000000 110100 101010 101010 100010 000000
000000 011000 010100 010100 010100 000000
000000 001000 010100 010100 001000 000000
011000 010100 011100 010000 010000 000000
001100 010100 011100 000100 000100 000000
000000 011000 010100 010000 010000 000000
001100 010000 001000 000100 011000 000000
001000 011100 001000 001000 000100 000000
000000 010100 010100 010100 001100 000000
000000 010100 010100 010100 001000 000000
000000 100010 101010 101010 110100 000000
000000 000000 010100 001000 010100 000000
010100 010100 001100 000100 011000 000000
000000 011100 000100 001000 011100 000000

000100 001000 011000 001000 000100 000000
001000 001000 001000 001000 001000 000000
010000 001000 001100 001000 010000 000000
000000 000000 001010 010100 000000 000000