011100 100010 101010 100010 011100 000000
001000 011000 001000 001000 011100 000000
011100 100010 001100 010000 111110 000000
111100 000010 001100 000010 111100 000000
101000 101000 111100 001000 001000 000000
111110 100000 111100 0000
001000 010100 111111 100010 100010 000000
111000 100100 111100 100010 111100 000000
011100 100010 100000 100010 011100 000000
111100 100010 100010 100010 111100 000000
111110 100000 111000 100000 111110 000000
111110 100000 111000 100000 100000 000000
011100 100010 100010 100110 011100 000000
100010 100010 111110 100010 100010 000000
011100 001000 001000 001000 011100 000000
011100 001000 001000 101000 010000 000000
100010 100100 111000 100100 100010 000000
010000 010000 010000 010000 011100 000000
100010 110110 101010 100010 100010 000000
100010 110010 101010 100110 100010 000000
011100 100010 100010 100010 011100 000000
111100 100010 111100 100000 100000 000000
011100 100010 100010 100100 011110 000000
111100 100010 111100 100010 100010 000000
011110 100000 011100 000010 111100 000000
011100 001000 001000 001000 001000 000000
100010 100010 100010 100010 011100 000000
100010 100010 100010 010100 001000 000000
100010 100010 101010 101010 010100 000000
100010 010100 001000 010100 100010 000000
100010 010100 001000 001000 001000 000000
111110 000100 001000 010000 111110 000000